0 4 d5
0 23 r2
0 24 1
0 25 2
0 26 3
0 27 4
0 29 6
1 23 r0
2 23 r1
3 4 d5
3 23 r2
3 25 7
3 26 3
3 27 4
3 29 6
4 4 r4
4 23 r4
5 0 d8
6 4 r5
6 23 r5
7 23 r3
8 12 r7
8 13 d10
8 14 d11
8 28 9
9 12 d12
10 0 d13
11 4 d15
11 15 r10
11 30 14
12 0 r6
12 4 r6
12 17 r6
12 19 r6
12 20 r6
12 21 r6
12 23 r6
13 12 r7
13 13 d10
13 28 16
14 15 d17
15 0 d18
16 12 r8
17 16 d20
17 32 19
18 13 d22
18 15 r12
18 31 21
19 4 r9
19 23 r9
20 0 d27
20 4 d5
20 17 r15
20 19 d28
20 20 d29
20 21 d30
20 27 25
20 33 23
20 34 24
20 36 26
20 43 31
21 15 r11
22 4 d32
23 17 d33
24 0 d27
24 4 d5
24 17 r15
24 19 d28
24 20 d29
24 21 d30
24 27 25
24 33 34
24 34 24
24 36 26
24 43 31
25 0 r17
25 4 r17
25 17 r17
25 19 r17
25 20 r17
25 21 r17
26 0 r18
26 4 r18
26 17 r18
26 19 r18
26 20 r18
26 21 r18
27 14 d36
27 18 d35
28 14 d37
29 14 d38
30 0 d46
30 1 d47
30 2 d48
30 3 d49
30 5 d42
30 10 d43
30 12 r29
30 14 d41
30 39 39
30 42 44
30 43 45
30 45 40
31 12 d50
32 0 d51
33 4 r14
33 23 r14
34 17 r16
35 0 d46
35 1 d47
35 2 d48
35 3 d49
35 5 d42
35 10 d43
35 14 d41
35 42 44
35 43 45
35 45 52
36 0 d46
36 1 d47
36 2 d48
36 3 d49
36 5 d42
36 10 d43
36 14 d41
36 15 r31
36 40 53
36 42 44
36 43 45
36 45 54
37 0 d46
37 1 d47
37 2 d48
37 3 d49
37 5 d42
37 10 d43
37 14 d41
37 42 44
37 43 45
37 45 55
38 0 d46
38 1 d47
38 2 d48
38 3 d49
38 5 d42
38 10 d43
38 14 d41
38 42 44
38 43 45
38 45 56
39 12 d57
40 5 d59
40 6 d58
40 7 d60
40 8 d63
40 9 d62
40 11 d61
40 12 r30
41 0 d46
41 1 d47
41 2 d48
41 3 d49
41 5 d42
41 10 d43
41 14 d41
41 42 44
41 43 45
41 45 64
42 0 d46
42 1 d47
42 2 d48
42 3 d49
42 5 d42
42 10 d43
42 14 d41
42 42 44
42 43 45
42 45 65
43 0 d46
43 1 d47
43 2 d48
43 3 d49
43 5 d42
43 10 d43
43 14 d41
43 42 44
43 43 45
43 45 66
44 5 r52
44 6 r52
44 7 r52
44 8 r52
44 9 r52
44 11 r52
44 12 r52
44 13 r52
44 15 r52
45 5 r35
45 6 r35
45 7 r35
45 8 r35
45 9 r35
45 11 r35
45 12 r35
45 13 r35
45 15 r35
46 5 r36
46 6 r36
46 7 r36
46 8 r36
46 9 r36
46 11 r36
46 12 r36
46 13 r36
46 14 d36
46 15 r36
47 5 r37
47 6 r37
47 7 r37
47 8 r37
47 9 r37
47 11 r37
47 12 r37
47 13 r37
47 15 r37
48 5 r38
48 6 r38
48 7 r38
48 8 r38
48 9 r38
48 11 r38
48 12 r38
48 13 r38
48 15 r38
49 5 r39
49 6 r39
49 7 r39
49 8 r39
49 9 r39
49 11 r39
49 12 r39
49 13 r39
49 15 r39
50 0 r25
50 4 r25
50 17 r25
50 19 r25
50 20 r25
50 21 r25
50 22 r25
51 13 d22
51 15 r12
51 31 67
52 5 d59
52 6 d58
52 7 d60
52 8 d63
52 9 d62
52 11 d61
52 12 d68
53 15 d69
54 5 d59
54 6 d58
54 7 d60
54 8 d63
54 9 d62
54 11 d61
54 13 d71
54 15 r33
54 41 70
55 5 d59
55 6 d58
55 7 d60
55 8 d63
55 9 d62
55 11 d61
55 15 d72
56 5 d59
56 6 d58
56 7 d60
56 8 d63
56 9 d62
56 11 d61
56 15 d73
57 0 r24
57 4 r24
57 17 r24
57 19 r24
57 20 r24
57 21 r24
57 22 r24
58 0 d46
58 1 d47
58 2 d48
58 3 d49
58 5 d42
58 10 d43
58 14 d41
58 42 44
58 43 45
58 45 74
59 0 d46
59 1 d47
59 2 d48
59 3 d49
59 5 d42
59 10 d43
59 14 d41
59 42 44
59 43 45
59 45 75
60 0 d46
60 1 d47
60 2 d48
60 3 d49
60 5 d42
60 10 d43
60 14 d41
60 42 44
60 43 45
60 45 76
61 0 d46
61 1 d47
61 2 d48
61 3 d49
61 5 d42
61 10 d43
61 14 d41
61 42 44
61 43 45
61 45 77
62 0 d46
62 1 d47
62 2 d48
62 3 d49
62 5 d42
62 10 d43
62 14 d41
62 42 44
62 43 45
62 45 78
63 0 d46
63 1 d47
63 2 d48
63 3 d49
63 5 d42
63 10 d43
63 14 d41
63 42 44
63 43 45
63 45 79
64 5 d59
64 6 d58
64 7 d60
64 8 d63
64 9 d62
64 11 d61
64 15 d80
65 5 r44
65 6 r44
65 7 r44
65 8 r44
65 9 r44
65 11 r44
65 12 r44
65 13 r44
65 15 r44
66 5 r45
66 6 r45
66 7 r45
66 8 r45
66 9 r45
66 11 r45
66 12 r45
66 13 r45
66 15 r45
67 15 r13
68 0 r21
68 4 r21
68 17 r21
68 19 r21
68 20 r21
68 21 r21
68 22 r21
69 5 r40
69 6 r40
69 7 r40
69 8 r40
69 9 r40
69 11 r40
69 12 r40
69 13 r40
69 15 r40
70 15 r32
71 0 d46
71 1 d47
71 2 d48
71 3 d49
71 5 d42
71 10 d43
71 14 d41
71 42 44
71 43 45
71 45 81
72 0 d27
72 16 d85
72 19 d28
72 20 d29
72 21 d30
72 36 83
72 38 84
72 43 31
72 44 82
73 16 d85
73 38 86
74 5 r46
74 6 r46
74 7 r46
74 8 r46
74 9 r46
74 11 r46
74 12 r46
74 13 r46
74 15 r46
75 5 r47
75 6 d58
75 7 r47
75 8 r47
75 9 r47
75 11 r47
75 12 r47
75 13 r47
75 15 r47
76 5 d59
76 6 d58
76 7 r48
76 8 r48
76 9 r48
76 11 r48
76 12 r48
76 13 r48
76 15 r48
77 5 d59
77 6 d58
77 7 d60
77 8 r49
77 9 r49
77 11 r49
77 12 r49
77 13 r49
77 15 r49
78 5 d59
78 6 d58
78 7 d60
78 8 r50
78 9 r50
78 11 d61
78 12 r50
78 13 r50
78 15 r50
79 5 d59
79 6 d58
79 7 d60
79 8 r51
79 9 d62
79 11 d61
79 12 r51
79 13 r51
79 15 r51
80 5 r43
80 6 r43
80 7 r43
80 8 r43
80 9 r43
80 11 r43
80 12 r43
80 13 r43
80 15 r43
81 5 d59
81 6 d58
81 7 d60
81 8 d63
81 9 d62
81 11 d61
81 13 d71
81 15 r33
81 41 87
82 0 r26
82 4 r26
82 17 r26
82 19 r26
82 20 r26
82 21 r26
82 22 d89
82 37 88
83 0 r41
83 4 r41
83 17 r41
83 19 r41
83 20 r41
83 21 r41
83 22 r41
84 0 r42
84 4 r42
84 17 r42
84 19 r42
84 20 r42
84 21 r42
84 22 r42
85 0 d27
85 17 r19
85 19 d28
85 20 d29
85 21 d30
85 35 90
85 36 91
85 43 31
86 0 r23
86 4 r23
86 17 r23
86 19 r23
86 20 r23
86 21 r23
86 22 r23
87 15 r34
88 0 r22
88 4 r22
88 17 r22
88 19 r22
88 20 r22
88 21 r22
88 22 r22
89 0 d27
89 16 d85
89 19 d28
89 20 d29
89 21 d30
89 36 83
89 38 84
89 43 31
89 44 92
90 17 d93
91 0 d27
91 17 r19
91 19 d28
91 20 d29
91 21 d30
91 35 94
91 36 91
91 43 31
92 0 r27
92 4 r27
92 17 r27
92 19 r27
92 20 r27
92 21 r27
93 0 r28
93 4 r28
93 17 r28
93 19 r28
93 20 r28
93 21 r28
93 22 r28
94 17 r20