[0] [4, 0, 14, 15, 16, 4, 0, 12, 4, 0, 12, 17, 23] d5
[0, 4, 5] [0, 14, 15, 16, 4, 0, 12, 4, 0, 12, 17, 23] d8
[0, 4, 5, 0, 8] [14, 15, 16, 4, 0, 12, 4, 0, 12, 17, 23] d11
[0, 4, 5, 0, 8, 14, 11] [15, 16, 4, 0, 12, 4, 0, 12, 17, 23] r10
[0, 4, 5, 0, 8, 14, 11, 30] [15, 16, 4, 0, 12, 4, 0, 12, 17, 23] 14
[0, 4, 5, 0, 8, 14, 11, 30, 14] [15, 16, 4, 0, 12, 4, 0, 12, 17, 23] d17
[0, 4, 5, 0, 8, 14, 11, 30, 14, 15, 17] [16, 4, 0, 12, 4, 0, 12, 17, 23] d20
[0, 4, 5, 0, 8, 14, 11, 30, 14, 15, 17, 16, 20] [4, 0, 12, 4, 0, 12, 17, 23] d5
[0, 4, 5, 0, 8, 14, 11, 30, 14, 15, 17, 16, 20, 4, 5] [0, 12, 4, 0, 12, 17, 23] d8
[0, 4, 5, 0, 8, 14, 11, 30, 14, 15, 17, 16, 20, 4, 5, 0, 8] [12, 4, 0, 12, 17, 23] r7
[0, 4, 5, 0, 8, 14, 11, 30, 14, 15, 17, 16, 20, 4, 5, 0, 8, 28] [12, 4, 0, 12, 17, 23] 9
[0, 4, 5, 0, 8, 14, 11, 30, 14, 15, 17, 16, 20, 4, 5, 0, 8, 28, 9] [12, 4, 0, 12, 17, 23] d12
[0, 4, 5, 0, 8, 14, 11, 30, 14, 15, 17, 16, 20, 4, 5, 0, 8, 28, 9, 12, 12] [4, 0, 12, 17, 23] r6
[0, 4, 5, 0, 8, 14, 11, 30, 14, 15, 17, 16, 20, 27] [4, 0, 12, 17, 23] 25
[0, 4, 5, 0, 8, 14, 11, 30, 14, 15, 17, 16, 20, 27, 25] [4, 0, 12, 17, 23] r17
[0, 4, 5, 0, 8, 14, 11, 30, 14, 15, 17, 16, 20, 34] [4, 0, 12, 17, 23] 24
[0, 4, 5, 0, 8, 14, 11, 30, 14, 15, 17, 16, 20, 34, 24] [4, 0, 12, 17, 23] d5
[0, 4, 5, 0, 8, 14, 11, 30, 14, 15, 17, 16, 20, 34, 24, 4, 5] [0, 12, 17, 23] d8
[0, 4, 5, 0, 8, 14, 11, 30, 14, 15, 17, 16, 20, 34, 24, 4, 5, 0, 8] [12, 17, 23] r7
[0, 4, 5, 0, 8, 14, 11, 30, 14, 15, 17, 16, 20, 34, 24, 4, 5, 0, 8, 28] [12, 17, 23] 9
[0, 4, 5, 0, 8, 14, 11, 30, 14, 15, 17, 16, 20, 34, 24, 4, 5, 0, 8, 28, 9] [12, 17, 23] d12
[0, 4, 5, 0, 8, 14, 11, 30, 14, 15, 17, 16, 20, 34, 24, 4, 5, 0, 8, 28, 9, 12, 12] [17, 23] r6
[0, 4, 5, 0, 8, 14, 11, 30, 14, 15, 17, 16, 20, 34, 24, 27] [17, 23] 25
[0, 4, 5, 0, 8, 14, 11, 30, 14, 15, 17, 16, 20, 34, 24, 27, 25] [17, 23] r17
[0, 4, 5, 0, 8, 14, 11, 30, 14, 15, 17, 16, 20, 34, 24, 34] [17, 23] 24
[0, 4, 5, 0, 8, 14, 11, 30, 14, 15, 17, 16, 20, 34, 24, 34, 24] [17, 23] r15
[0, 4, 5, 0, 8, 14, 11, 30, 14, 15, 17, 16, 20, 34, 24, 34, 24, 33] [17, 23] 34
[0, 4, 5, 0, 8, 14, 11, 30, 14, 15, 17, 16, 20, 34, 24, 34, 24, 33, 34] [17, 23] r16
[0, 4, 5, 0, 8, 14, 11, 30, 14, 15, 17, 16, 20, 34, 24, 33] [17, 23] 34
[0, 4, 5, 0, 8, 14, 11, 30, 14, 15, 17, 16, 20, 34, 24, 33, 34] [17, 23] r16
[0, 4, 5, 0, 8, 14, 11, 30, 14, 15, 17, 16, 20, 33] [17, 23] 23
[0, 4, 5, 0, 8, 14, 11, 30, 14, 15, 17, 16, 20, 33, 23] [17, 23] d33
[0, 4, 5, 0, 8, 14, 11, 30, 14, 15, 17, 16, 20, 33, 23, 17, 33] [23] r14
[0, 4, 5, 0, 8, 14, 11, 30, 14, 15, 17, 32] [23] 19
[0, 4, 5, 0, 8, 14, 11, 30, 14, 15, 17, 32, 19] [23] r9
[0, 29] [23] 6
[0, 29, 6] [23] r5
[0, 26] [23] 3
[0, 26, 3] [23] r2
[0, 26, 3, 25] [23] 7
[0, 26, 3, 25, 7] [23] r3
[0, 25] [23] 2
[0, 25, 2] [23] r1
[0, 24] [23] 1
[0, 24, 1] [23] r0


-----------
[4, 0, 14, 30, 15, 16, 4, 0, 28, 12, 27, 34, 4, 0, 28, 12, 27, 34, 33, 33, 33, 17, 32, 29, 26, 25, 25, 24]

------

[4, 0, 28, 12, 27, 26, 4, 0, 28, 12, 27, 26, 25, 25, 25, 24]